-----------------------------
Iterations : 1000
Cycles : 500
Time spent :57.0s
Number of changes : 15
-----------------------------
Best deck so far : 89.8% winrate
COST  1  1  2  2  3  3  3  3  3  4  4  4  4  4  5  5  5  5  5  5  5  6  6  7  7  7  7  7  7  7 | 137
ATK   0  2  2  3  1  6  2  5  4  7  6  4  4  3  8  7  7  8  9 10  6  7  5  7  5  5  1  9  1  1 | 145
DEF   2  1  2  2  2  1  1  2  1  1  3  3  1  1  3  3  2  2  2  1  1  2  6  4  6  6 13  2 10  9 |  95
GURD  0  0  0  0  1  0  0  0  0  0  0  0  1  1  0  0  0  0  0  0  0  0  0  0  0  1  0  0  0  0 |   4
FLY   0  0  0  0  0  0  0  0  1  0  0  1  0  0  0  0  1  0  0  0  0  0  1  0  0  0  0  0  0  0 |   4
CHRG  0  0  0  0  0  0  1  0  0  0  0  0  0  0  0  0  0  0  0  0  1  1  0  1  1  0  0  1  1  1 |   8
Card cost repartition
0 x 0 
1 x 2 ##
2 x 2 ##
3 x 5 #####
4 x 5 #####
5 x 7 #######
6 x 2 ##
7 x 7 #######
Average turn for win 5.63466042154567
Quickest win 5
| STEP      | WR         | NBT      | COSTS
|         0 |       0.82 |   6.4205 |  0 0 1 5 7 6 5 6
|         1 |       0.84 |   6.1238 |  0 0 1 6 6 6 5 6
|        19 |       0.84 |   6.0760 |  0 0 2 6 6 6 5 5
|        67 |       0.84 |   5.9739 |  0 0 2 6 6 6 5 5
|       110 |       0.85 |   6.1017 |  0 0 2 6 5 6 6 5
|       127 |       0.85 |   5.9224 |  0 0 2 6 5 6 6 5
|       132 |       0.85 |   5.9578 |  0 0 2 6 6 6 5 5
|       150 |       0.86 |   5.9231 |  0 0 2 6 6 6 5 5
|       271 |       0.86 |   5.8951 |  0 0 2 6 6 6 5 5
|       420 |       0.86 |   5.8565 |  0 1 2 6 6 6 4 5
|       560 |       0.87 |   5.9194 |  0 2 2 6 6 6 4 4
|       603 |       0.87 |   5.8226 |  0 2 2 6 5 6 4 5
|       668 |       0.87 |   5.8502 |  0 2 2 6 5 7 3 5
|       678 |       0.89 |   5.7815 |  0 2 2 6 4 7 3 6
|       704 |       0.89 |   5.7735 |  0 2 2 6 4 7 2 7
|       744 |       0.90 |   5.9042 |  0 2 2 5 5 7 2 7
--- PLAYER 1 ---
1_0_2_0_0_0
1_2_1_0_0_0
2_2_2_0_0_0
2_3_2_0_0_0
3_1_2_1_0_0
3_6_1_0_0_0
3_2_1_0_0_1
3_5_2_0_0_0
3_4_1_0_1_0
4_7_1_0_0_0
4_6_3_0_0_0
4_4_3_0_1_0
4_4_1_1_0_0
4_3_1_1_0_0
5_8_3_0_0_0
5_7_3_0_0_0
5_7_2_0_1_0
5_8_2_0_0_0
5_9_2_0_0_0
5_10_1_0_0_0
5_6_1_0_0_1
6_7_2_0_0_1
6_5_6_0_1_0
7_7_4_0_0_1
7_5_6_0_0_1
7_5_6_1_0_0
7_1_13_0_0_0
7_9_2_0_0_1
7_1_10_0_0_1
7_1_9_0_0_1
