-----------------------------
Iterations : 1000
Cycles : 500
Time spent :51.8s
Number of changes : 24
-----------------------------
Best deck so far : 84.4% winrate
COST  2  3  3  3  3  3  4  4  4  4  4  4  4  5  5  5  5  5  5  6  6  6  6  6  7  7  7  7  7  7 | 147
ATK   2  6  1  5  2  4  6  4  4  3  3  2  1  8  7  7  8  6  9  7  6  5  5  0  5  5  2  8  1  9 | 141
DEF   2  1  2  2  1  1  3  1  3  3  1  5  3  3  3  2  2  1  2  6  2  6  4  6  9  6  7  6 13  2 | 108
GURD  0  0  1  0  0  0  0  0  0  0  1  0  1  0  0  0  0  0  0  0  0  0  0  1  0  0  1  0  0  0 |   5
FLY   0  0  0  0  0  1  0  0  1  1  0  1  0  0  0  1  0  0  0  0  0  1  0  1  0  0  1  0  0  0 |   8
CHRG  0  0  0  0  1  0  0  1  0  0  0  0  0  0  0  0  0  1  0  0  1  0  1  0  0  1  0  0  0  1 |   7
Card cost repartition
0 x 0 
1 x 0 
2 x 1 #
3 x 5 #####
4 x 7 #######
5 x 6 ######
6 x 5 #####
7 x 6 ######
Average turn for win 5.90394088669951
Quickest win 3
| STEP      | WR         | NBT      | COSTS
|         0 |       0.34 |   8.6036 |  0 0 1 0 7 7 7 8
|         2 |       0.36 |   8.1292 |  0 0 1 0 6 8 7 8
|         8 |       0.39 |   7.9482 |  0 0 1 1 6 8 6 8
|        11 |       0.39 |   8.0918 |  0 0 0 1 6 8 6 9
|        13 |       0.42 |   7.9100 |  0 0 0 1 6 8 5 10
|        16 |       0.49 |   7.3210 |  0 0 0 2 6 8 5 9
|        20 |       0.51 |   7.3294 |  0 0 0 2 7 8 4 9
|        21 |       0.53 |   7.1541 |  0 0 0 2 7 9 4 8
|        24 |       0.57 |   7.1661 |  0 0 0 2 6 9 5 8
|        31 |       0.57 |   7.3710 |  0 0 0 2 6 8 5 9
|        36 |       0.62 |   6.7878 |  0 0 0 3 6 8 5 8
|        38 |       0.65 |   6.8576 |  0 0 0 3 6 8 4 9
|        44 |       0.71 |   6.4930 |  0 0 1 3 6 7 4 9
|        48 |       0.72 |   6.5168 |  0 0 1 3 7 7 3 9
|        52 |       0.72 |   6.5861 |  0 0 1 3 8 7 3 8
|        54 |       0.74 |   6.5838 |  0 0 1 3 8 7 3 8
|        94 |       0.74 |   6.5472 |  0 0 1 3 8 6 4 8
|       135 |       0.75 |   6.3824 |  0 0 0 4 8 6 4 8
|       136 |       0.77 |   6.1984 |  0 0 1 4 8 6 3 8
|       140 |       0.78 |   6.4337 |  0 0 1 4 7 7 3 8
|       249 |       0.79 |   6.2242 |  0 0 1 5 7 7 3 7
|       334 |       0.81 |   6.0990 |  0 0 1 5 7 6 4 7
|       362 |       0.82 |   6.1956 |  0 0 1 5 7 6 5 6
|       727 |       0.83 |   6.2343 |  0 0 1 5 7 6 5 6
|       857 |       0.84 |   6.1540 |  0 0 1 5 7 6 5 6
--- PLAYER 1 ---
2_2_2_0_0_0
3_6_1_0_0_0
3_1_2_1_0_0
3_5_2_0_0_0
3_2_1_0_0_1
3_4_1_0_1_0
4_6_3_0_0_0
4_4_1_0_0_1
4_4_3_0_1_0
4_3_3_0_1_0
4_3_1_1_0_0
4_2_5_0_1_0
4_1_3_1_0_0
5_8_3_0_0_0
5_7_3_0_0_0
5_7_2_0_1_0
5_8_2_0_0_0
5_6_1_0_0_1
5_9_2_0_0_0
6_7_6_0_0_0
6_6_2_0_0_1
6_5_6_0_1_0
6_5_4_0_0_1
6_0_6_1_1_0
7_5_9_0_0_0
7_5_6_0_0_1
7_2_7_1_1_0
7_8_6_0_0_0
7_1_13_0_0_0
7_9_2_0_0_1
