-----------------------------
Iterations : 1000
Cycles : 500
Time spent :48.7s
Number of changes : 46
-----------------------------
Best deck so far : 88,968% winrate
COST  1  1  2  2  2  2  3  3  3  3  4  4  4  4  4  4  5  5  5  6  6  6  6  6  6  6  7  7  7  7 | 131
ATK   0  2  4  2  3  3  1  2  3  3  5  4  6  7  7  8  7  9  9  6  3  3  2  2  1  0  3  7  3  8 | 123
DEF   3  1  1  3  2  1  3  4  4  2  2  4  3  2  1  1  3  1  2  3  2  3  5  3  2  9  8  1  6  1 |  86
GURD  0  0  0  0  0  0  0  0  0  0  0  0  0  0  0  0  0  0  0  1  1  0  0  1  1  1  1  1  0  1 |   8
FLY   0  0  0  0  0  0  1  0  0  1  1  0  0  0  0  0  0  0  0  0  0  1  1  0  1  0  0  1  1  1 |   9
CHRG  0  0  0  0  0  0  0  0  0  0  0  0  0  0  0  0  0  0  0  0  1  1  1  1  1  0  0  0  1  0 |   6
Card cost repartition
0 x 0 
1 x 2 ##
2 x 4 ####
3 x 4 ####
4 x 6 ######
5 x 3 ###
6 x 7 #######
7 x 4 ####
Average turn for win 5.44572748267898
Quickest win 3
| STEP      | WR         | NBT      | COSTS
|         0 |       0,04 |   8,5176 |  0 0 1 0 7 7 7 8
|         2 |       0,04 |   8,3410 |  0 0 1 0 7 7 6 9
|         5 |       0,05 |   7,5714 |  0 0 1 0 7 7 6 9
|        12 |       0,05 |   7,7665 |  0 0 1 0 7 6 7 9
|        13 |       0,06 |   7,3085 |  0 0 1 0 6 6 7 10
|        23 |       0,06 |   7,4831 |  0 0 1 1 6 6 7 9
|        25 |       0,06 |   7,5525 |  0 0 1 1 6 6 8 8
|        35 |       0,07 |   7,2000 |  0 0 1 2 6 6 8 7
|        37 |       0,07 |   7,3922 |  0 0 1 2 7 6 8 6
|        39 |       0,07 |   7,0653 |  0 0 1 2 7 6 7 7
|        41 |       0,07 |   6,9646 |  0 0 1 2 6 7 7 7
|        43 |       0,08 |   6,9597 |  0 0 0 3 6 7 7 7
|        49 |       0,08 |   6,8696 |  0 0 0 3 5 7 7 8
|        62 |       0,08 |   7,0859 |  0 0 0 3 5 6 8 8
|        64 |       0,09 |   6,8333 |  0 0 0 3 6 6 8 7
|        65 |       0,09 |   6,6768 |  0 0 0 3 6 7 8 6
|        66 |       0,09 |   6,6192 |  0 0 0 3 5 7 8 7
|        67 |       0,09 |   6,6688 |  0 0 0 3 5 8 7 7
|        68 |       0,09 |   6,6097 |  0 0 0 3 5 8 8 6
|        71 |       0,09 |   6,6306 |  0 0 0 3 5 8 8 6
|        72 |       0,10 |   6,5475 |  0 0 1 3 5 8 8 5
|        73 |       0,10 |   6,3719 |  0 0 1 3 5 7 9 5
|        75 |       0,10 |   6,3529 |  0 0 1 3 5 7 10 4
|        81 |       0,12 |   6,1361 |  0 0 1 3 6 7 9 4
|       109 |       0,12 |   6,0470 |  0 0 1 3 5 7 9 5
|       112 |       0,12 |   6,0976 |  0 0 1 3 5 7 9 5
|       113 |       0,12 |   6,1398 |  0 0 1 3 5 7 9 5
|       119 |       0,13 |   6,0605 |  0 0 1 4 5 6 9 5
|       120 |       0,13 |   5,9974 |  0 0 1 4 6 5 9 5
|       123 |       0,13 |   6,0450 |  0 0 2 3 6 5 9 5
|       128 |       0,13 |   5,9547 |  0 0 2 3 6 5 9 5
|       196 |       0,14 |   5,8483 |  0 0 3 3 6 5 9 4
|       201 |       0,14 |   5,8603 |  0 0 3 3 6 5 10 3
|       229 |       0,14 |   5,8068 |  0 0 3 4 6 5 9 3
|       232 |       0,14 |   5,7635 |  0 0 3 4 7 4 9 3
|       236 |       0,14 |   5,8965 |  0 0 3 4 7 4 10 2
|       278 |       0,15 |   5,7242 |  0 0 3 4 6 4 10 3
|       282 |       0,15 |   5,6459 |  0 1 3 4 6 4 9 3
|       303 |       0,15 |   5,6372 |  0 2 3 4 6 4 8 3
|       312 |       0,15 |   5,6659 |  0 2 3 4 6 4 7 4
|       356 |       0,15 |   5,6121 |  0 2 3 5 6 4 7 3
|       363 |       0,15 |   5,6545 |  0 2 3 5 6 4 8 2
|       599 |       0,16 |   5,5894 |  0 2 3 5 6 3 8 3
|       737 |       0,16 |   5,5860 |  0 2 3 5 6 3 8 3
|       886 |       0,16 |   5,5598 |  0 2 3 5 7 3 7 3
|       942 |       0,16 |   5,5762 |  0 2 4 4 7 3 7 3
|       991 |       0,16 |   5,5605 |  0 2 4 4 6 3 7 4
--- PLAYER 1 ---
1_0_3_0_0_0
1_2_1_0_0_0
2_4_1_0_0_0
2_2_3_0_0_0
2_3_2_0_0_0
2_3_1_0_0_0
3_1_3_0_1_0
3_2_4_0_0_0
3_3_4_0_0_0
3_3_2_0_1_0
4_5_2_0_1_0
4_4_4_0_0_0
4_6_3_0_0_0
4_7_2_0_0_0
4_7_1_0_0_0
4_8_1_0_0_0
5_7_3_0_0_0
5_9_1_0_0_0
5_9_2_0_0_0
6_6_3_1_0_0
6_3_2_1_0_1
6_3_3_0_1_1
6_2_5_0_1_1
6_2_3_1_0_1
6_1_2_1_1_1
6_0_9_1_0_0
7_3_8_1_0_0
7_7_1_1_1_0
7_3_6_0_1_1
7_8_1_1_1_0
