-----------------------------
Iterations : 1
Cycles : 500
Time spent :0.0s
Number of changes : 0
-----------------------------
Best deck so far : 56.4% winrate
COST  1  2  2  3  3  3  3  3  4  4  4  4  4  5  5  5  6  6  6  6  6  6  6  6  6  6  7  7  7  7 | 143
ATK   0  2  3  5  4  4  3  3  3  7  7  6  5  9  8  7  9  8  6  5  5  4  4  2  3  3  1  2  4  3 | 135
DEF   1  1  2  2  2  3  3  4  2  1  2  1  3  1  3  1  2  1  2  4  2  3  3  7  4  1  8  9  7  5 |  90
GURD  0  0  0  0  0  0  0  0  0  0  0  0  0  0  0  0  0  0  0  0  1  0  1  1  0  1  0  1  1  1 |   7
FLY   1  1  0  0  0  0  0  0  0  0  0  1  0  0  0  1  1  0  0  0  1  1  1  0  1  0  1  0  0  1 |  11
CHRG  0  0  0  0  0  0  0  0  1  0  0  0  0  0  0  0  0  1  1  1  0  1  0  0  1  1  1  0  0  0 |   8
Card cost repartition
0 x 0 
1 x 1 #
2 x 2 ##
3 x 5 #####
4 x 5 #####
5 x 3 ###
6 x 10 ##########
7 x 4 ####
Average turn for win 5.31560283687943
Quickest win 5
| STEP      | WR         | NBT      | COSTS
|         0 |       0.56 |   5.3156 |  0 1 2 5 5 3 10 4
--- PLAYER 1 ---
1_0_1_0_1_0
2_2_1_0_1_0
2_3_2_0_0_0
3_5_2_0_0_0
3_4_2_0_0_0
3_4_3_0_0_0
3_3_3_0_0_0
3_3_4_0_0_0
4_3_2_0_0_1
4_7_1_0_0_0
4_7_2_0_0_0
4_6_1_0_1_0
4_5_3_0_0_0
5_9_1_0_0_0
5_8_3_0_0_0
5_7_1_0_1_0
6_9_2_0_1_0
6_8_1_0_0_1
6_6_2_0_0_1
6_5_4_0_0_1
6_5_2_1_1_0
6_4_3_0_1_1
6_4_3_1_1_0
6_2_7_1_0_0
6_3_4_0_1_1
6_3_1_1_0_1
7_1_8_0_1_1
7_2_9_1_0_0
7_4_7_1_0_0
7_3_5_1_1_0
