-----------------------------
Iterations : 1000
Cycles : 500
Time spent :51.5s
Number of changes : 13
-----------------------------
Best deck so far : 55.6% winrate
COST  2  2  2  3  3  3  3  3  3  4  4  4  4  4  4  5  5  5  5  6  6  6  6  6  6  7  7  7  7  7  7  7  7  7  7  7  7 | 188
ATK   2  2  2  6  5  4  4  4  3  7  6  6  3  3  2  9  6  7  7  3  4  2  1  1  0  9  9  8 10 11  7  5  3  3  2  1  0 | 167
DEF   3  1  2  1  1  1  3  2  3  2  3  2  3  1  5  2  1  4  3  2  9  4  7  6  6  2  2  6  4  4  5  9  7  6  7 14 12 | 155
GURD  0  0  0  0  0  0  0  0  0  0  0  0  0  1  0  0  0  0  0  1  0  0  0  0  1  0  1  0  0  0  0  0  0  0  1  0  0 |   5
FLY   0  1  0  0  0  1  0  0  0  0  0  0  1  0  1  0  0  0  0  0  0  1  0  1  1  0  0  0  0  0  1  0  0  1  1  0  1 |  11
CHRG  0  0  0  0  0  0  0  0  0  0  0  0  0  0  0  0  1  0  0  1  0  1  1  1  0  1  0  0  0  0  0  0  1  1  0  0  0 |   8
Card cost repartition
0 x 0 
1 x 0 
2 x 3 ###
3 x 6 ######
4 x 6 ######
5 x 4 ####
6 x 6 ######
7 x 12 ############
Average turn for win 5.2928870292887
Quickest win 3
| STEP      | WR         | NBT      | COSTS
|         0 |       0.50 |   5.6414 |  0 0 2 4 6 3 4 11
|         2 |       0.52 |   5.5824 |  0 0 2 4 6 3 4 12
|        26 |       0.53 |   5.5475 |  0 0 3 4 6 3 4 12
|       151 |       0.53 |   5.4144 |  0 0 3 4 7 3 4 12
|       160 |       0.53 |   5.5568 |  0 0 3 4 7 4 4 12
|       170 |       0.53 |   5.4457 |  0 0 3 5 7 4 4 12
|       313 |       0.53 |   5.5243 |  0 0 3 5 8 4 4 12
|       322 |       0.53 |   5.5206 |  0 0 3 5 7 4 5 12
|       345 |       0.54 |   5.4074 |  0 0 3 6 6 4 5 12
|       398 |       0.55 |   5.4765 |  0 0 3 6 6 4 6 12
|       460 |       0.55 |   5.4874 |  0 0 3 6 6 4 6 12
|       589 |       0.56 |   5.4281 |  0 0 3 6 6 4 6 12
|       634 |       0.56 |   5.4820 |  0 0 3 6 6 4 6 12
|       884 |       0.56 |   5.4820 |  0 0 3 6 6 4 6 12
--- PLAYER 1 ---
2_2_3_0_0_0
2_2_1_0_1_0
2_2_2_0_0_0
3_6_1_0_0_0
3_5_1_0_0_0
3_4_1_0_1_0
3_4_3_0_0_0
3_4_2_0_0_0
3_3_3_0_0_0
4_7_2_0_0_0
4_6_3_0_0_0
4_6_2_0_0_0
4_3_3_0_1_0
4_3_1_1_0_0
4_2_5_0_1_0
5_9_2_0_0_0
5_6_1_0_0_1
5_7_4_0_0_0
5_7_3_0_0_0
6_3_2_1_0_1
6_4_9_0_0_0
6_2_4_0_1_1
6_1_7_0_0_1
6_1_6_0_1_1
6_0_6_1_1_0
7_9_2_0_0_1
7_9_2_1_0_0
7_8_6_0_0_0
7_10_4_0_0_0
7_11_4_0_0_0
7_7_5_0_1_0
7_5_9_0_0_0
7_3_7_0_0_1
7_3_6_0_1_1
7_2_7_1_1_0
7_1_14_0_0_0
7_0_12_0_1_0
