-----------------------------
Iterations : 1000
Cycles : 500
Time spent :49.9s
Number of changes : 11
-----------------------------
Best deck so far : 56.6% winrate
COST  2  2  2  3  3  3  3  3  3  3  4  4  4  4  4  4  4  5  5  5  5  5  5  6  6  6  6  6  6  6  6  7  7  7  7  7  7  7  7  7  7  7  7 | 217
ATK   2  2  2  3  3  5  4  6  4  4  2  6  6  4  3  3  7  6  6  6  7  7  9  5  4  3  0  2  2  1  1 11 10  9  9  8  7  1  2  3  3  6  5 | 199
DEF   3  2  1  1  3  1  1  1  3  2  5  3  2  4  3  1  2  4  1  3  4  3  2  3  9  2  6  4  5  7  7  4  4  2  2  6  5 14  7  7  6  3  9 | 167
GURD  0  0  0  0  0  0  0  0  0  0  0  0  0  0  0  1  0  0  0  0  0  0  0  1  0  1  1  0  0  1  0  0  0  0  1  0  0  0  1  0  0  0  0 |   7
FLY   0  0  1  1  0  0  1  0  0  0  1  0  0  0  1  0  0  0  0  1  0  0  0  0  0  0  1  1  1  0  0  0  0  0  0  0  1  0  1  0  1  1  0 |  13
CHRG  0  0  0  0  0  0  0  0  0  0  0  0  0  0  0  0  0  0  1  0  0  0  0  0  0  1  0  1  1  0  1  0  0  1  0  0  0  0  0  1  1  1  0 |   9
Card cost repartition
0 x 0 
1 x 0 
2 x 3 ###
3 x 7 #######
4 x 7 #######
5 x 6 ######
6 x 8 ########
7 x 12 ############
Average turn for win 5.33620689655172
Quickest win 5
| STEP      | WR         | NBT      | COSTS
|         0 |       0.49 |   5.6230 |  0 0 3 7 7 6 8 12
|         4 |       0.51 |   5.5039 |  0 0 3 7 7 6 8 12
|        19 |       0.51 |   5.4397 |  0 0 3 7 7 6 8 12
|        20 |       0.52 |   5.5441 |  0 0 3 7 7 6 8 12
|        33 |       0.53 |   5.4508 |  0 0 3 7 7 6 8 12
|        66 |       0.53 |   5.5283 |  0 0 3 7 7 6 8 12
|        79 |       0.53 |   5.4737 |  0 0 3 7 7 6 8 12
|        82 |       0.53 |   5.4662 |  0 0 3 7 7 6 8 12
|       103 |       0.53 |   5.5581 |  0 0 3 7 7 6 8 12
|       145 |       0.53 |   5.5618 |  0 0 3 7 7 6 8 12
|       152 |       0.54 |   5.5461 |  0 0 3 7 7 6 8 12
|       619 |       0.57 |   5.6254 |  0 0 3 7 7 6 8 12
--- PLAYER 1 ---
2_2_3_0_0_0
2_2_2_0_0_0
2_2_1_0_1_0
3_3_1_0_1_0
3_3_3_0_0_0
3_5_1_0_0_0
3_4_1_0_1_0
3_6_1_0_0_0
3_4_3_0_0_0
3_4_2_0_0_0
4_2_5_0_1_0
4_6_3_0_0_0
4_6_2_0_0_0
4_4_4_0_0_0
4_3_3_0_1_0
4_3_1_1_0_0
4_7_2_0_0_0
5_6_4_0_0_0
5_6_1_0_0_1
5_6_3_0_1_0
5_7_4_0_0_0
5_7_3_0_0_0
5_9_2_0_0_0
6_5_3_1_0_0
6_4_9_0_0_0
6_3_2_1_0_1
6_0_6_1_1_0
6_2_4_0_1_1
6_2_5_0_1_1
6_1_7_1_0_0
6_1_7_0_0_1
7_11_4_0_0_0
7_10_4_0_0_0
7_9_2_0_0_1
7_9_2_1_0_0
7_8_6_0_0_0
7_7_5_0_1_0
7_1_14_0_0_0
7_2_7_1_1_0
7_3_7_0_0_1
7_3_6_0_1_1
7_6_3_0_1_1
7_5_9_0_0_0
