-----------------------------
Iterations : 1000
Cycles : 500
Time spent :46.8s
Number of changes : 0
-----------------------------
Best deck so far : 55.0% winrate
COST  1  1  2  2  2  2  3  3  3  3  4  4  4  4  4  4  5  5  5  6  6  6  6  6  6  6  7  7  7  7 | 131
ATK   0  2  4  3  3  2  2  3  3  1  8  7  7  6  4  5  9  9  7  6  0  1  3  3  2  2  3  3  7  8 | 123
DEF   3  1  1  2  1  3  4  4  2  3  1  1  2  3  4  2  2  1  3  3  9  2  3  2  3  5  6  8  1  1 |  86
GURD  0  0  0  0  0  0  0  0  0  0  0  0  0  0  0  0  0  0  0  1  1  1  0  1  1  0  0  1  1  1 |   8
FLY   0  0  0  0  0  0  0  0  1  1  0  0  0  0  0  1  0  0  0  0  0  1  1  0  0  1  1  0  1  1 |   9
CHRG  0  0  0  0  0  0  0  0  0  0  0  0  0  0  0  0  0  0  0  0  0  1  1  1  1  1  1  0  0  0 |   6
Card cost repartition
0 x 0 
1 x 2 ##
2 x 4 ####
3 x 4 ####
4 x 6 ######
5 x 3 ###
6 x 7 #######
7 x 4 ####
Average turn for win 4.99193548387097
Quickest win 3
| STEP      | WR         | NBT      | COSTS
|         0 |       0.55 |   5.2218 |  0 2 4 4 6 3 7 4
