-----------------------------
Iterations : 1000
Cycles : 500
Time spent :52.4s
Number of changes : 22
-----------------------------
Best deck so far : 84.4% winrate
COST  2  2  3  3  3  3  4  4  4  4  4  4  5  5  5  6  6  6  6  7  7  7  7  7  7  7  7  7  7  7 | 156
ATK   2  2  3  6  4  4  7  6  2  6  3  3  9  7  6  3  2  1  0  3  5  3  2  7  1  8  9  9 10 11 | 144
DEF   1  2  3  1  3  2  2  3  5  2  3  1  2  3  1  2  4  7  6  7  9  6  7  5 14  6  2  2  4  4 | 119
GURD  0  0  0  0  0  0  0  0  0  0  0  1  0  0  0  1  0  0  1  0  0  0  1  0  0  0  0  1  0  0 |   5
FLY   1  0  0  0  0  0  0  0  1  0  1  0  0  0  0  0  1  0  1  0  0  1  1  1  0  0  0  0  0  0 |   8
CHRG  0  0  0  0  0  0  0  0  0  0  0  0  0  0  1  1  1  1  0  1  0  1  0  0  0  0  1  0  0  0 |   7
Card cost repartition
0 x 0 
1 x 0 
2 x 2 ##
3 x 4 ####
4 x 6 ######
5 x 3 ###
6 x 4 ####
7 x 11 ###########
Average turn for win 5.88633658536585
Quickest win 3
| STEP      | WR         | NBT      | COSTS
|         0 |       0,36 |   8,2556 |  0 0 1 0 7 7 7 8
|         7 |       0,37 |   8,5376 |  0 0 1 0 7 7 7 8
|        20 |       0,39 |   8,2062 |  0 0 2 0 7 6 7 8
|        22 |       0,41 |   7,8835 |  0 0 2 0 7 6 8 7
|        23 |       0,49 |   7,3887 |  0 0 2 1 7 6 8 6
|        35 |       0,53 |   7,0379 |  0 0 2 1 7 6 8 6
|        37 |       0,54 |   7,0818 |  0 0 3 1 7 6 8 5
|        39 |       0,57 |   6,9296 |  0 0 3 1 6 6 8 6
|        41 |       0,58 |   6,8194 |  0 0 3 1 5 6 8 7
|        47 |       0,61 |   6,6667 |  0 0 3 1 5 5 9 7
|        52 |       0,61 |   6,9020 |  0 0 2 1 5 5 10 7
|        54 |       0,63 |   6,5968 |  0 0 2 1 5 4 10 8
|        58 |       0,63 |   6,6603 |  0 0 2 1 5 4 9 9
|        69 |       0,63 |   6,7823 |  0 0 2 1 5 4 8 10
|        72 |       0,65 |   6,3976 |  0 0 2 2 5 4 7 10
|        76 |       0,72 |   6,1117 |  0 0 2 3 5 3 7 10
|        78 |       0,73 |   6,0854 |  0 0 2 3 5 3 7 10
|        79 |       0,76 |   6,0211 |  0 0 2 3 6 3 6 10
|        81 |       0,76 |   6,0866 |  0 0 2 3 6 3 6 10
|        85 |       0,78 |   6,1314 |  0 0 2 3 6 3 5 11
|        86 |       0,78 |   6,0306 |  0 0 2 3 6 3 5 11
|       104 |       0,83 |   5,8849 |  0 0 2 4 6 3 4 11
|       486 |       0,84 |   5,8863 |  0 0 2 4 6 3 4 11
--- PLAYER 1 ---
2_2_1_0_1_0
2_2_2_0_0_0
3_3_3_0_0_0
3_6_1_0_0_0
3_4_3_0_0_0
3_4_2_0_0_0
4_7_2_0_0_0
4_6_3_0_0_0
4_2_5_0_1_0
4_6_2_0_0_0
4_3_3_0_1_0
4_3_1_1_0_0
5_9_2_0_0_0
5_7_3_0_0_0
5_6_1_0_0_1
6_3_2_1_0_1
6_2_4_0_1_1
6_1_7_0_0_1
6_0_6_1_1_0
7_3_7_0_0_1
7_5_9_0_0_0
7_3_6_0_1_1
7_2_7_1_1_0
7_7_5_0_1_0
7_1_14_0_0_0
7_8_6_0_0_0
7_9_2_0_0_1
7_9_2_1_0_0
7_10_4_0_0_0
7_11_4_0_0_0
