-----------------------------
Iterations : 1000
Cycles : 500
Time spent :51.2s
Number of changes : 9
-----------------------------
Best deck so far : 90.4% winrate
COST  1  2  2  2  2  3  3  3  3  3  4  4  4  5  5  5  5  6  6  6  6  7  7  7  7  7  7  7  7  7 | 143
ATK   1  4  2  2  3  4  4  2  3  6  3  6  7  6  7  9 10  6  3  2  0  5  3  2  7  1  1  9  1 11 | 130
DEF   1  1  2  1  2  2  3  1  3  1  1  2  2  1  3  2  1  3  9  4  2  9  6  7  5 14  8  2 12  4 | 114
GURD  0  0  0  0  0  0  0  1  0  0  1  0  0  0  0  0  0  0  0  0  1  0  0  1  0  0  1  1  0  0 |   6
FLY   0  0  0  1  0  0  0  0  0  0  0  0  0  0  0  0  0  0  0  1  1  0  1  1  1  0  1  0  1  0 |   8
CHRG  0  0  0  0  0  0  0  0  0  0  0  0  0  1  0  0  0  1  0  1  1  0  1  0  0  0  0  0  0  0 |   5
Card cost repartition
0 x 0 
1 x 1 #
2 x 4 ####
3 x 5 #####
4 x 3 ###
5 x 4 ####
6 x 4 ####
7 x 9 #########
Average turn for win 5.59268292682927
Quickest win 3
| STEP      | WR         | NBT      | COSTS
|         0 |       0.84 |   5.7780 |  0 0 3 4 6 3 3 11
|         7 |       0.85 |   5.6454 |  0 0 4 4 5 3 3 11
|        11 |       0.86 |   5.7016 |  0 0 4 5 5 3 2 11
|        23 |       0.87 |   5.9030 |  0 0 4 5 4 3 3 11
|        92 |       0.87 |   5.7821 |  0 0 4 5 4 3 3 11
|       143 |       0.88 |   5.8105 |  0 0 4 5 4 4 3 10
|       289 |       0.89 |   5.8161 |  0 1 4 5 4 4 3 9
|       343 |       0.89 |   5.6689 |  0 2 4 5 4 4 3 8
|       350 |       0.90 |   5.7622 |  0 1 4 5 4 4 3 9
|       439 |       0.90 |   5.7788 |  0 1 4 5 3 4 4 9
--- PLAYER 1 ---
1_1_1_0_0_0
2_4_1_0_0_0
2_2_2_0_0_0
2_2_1_0_1_0
2_3_2_0_0_0
3_4_2_0_0_0
3_4_3_0_0_0
3_2_1_1_0_0
3_3_3_0_0_0
3_6_1_0_0_0
4_3_1_1_0_0
4_6_2_0_0_0
4_7_2_0_0_0
5_6_1_0_0_1
5_7_3_0_0_0
5_9_2_0_0_0
5_10_1_0_0_0
6_6_3_0_0_1
6_3_9_0_0_0
6_2_4_0_1_1
6_0_2_1_1_1
7_5_9_0_0_0
7_3_6_0_1_1
7_2_7_1_1_0
7_7_5_0_1_0
7_1_14_0_0_0
7_1_8_1_1_0
7_9_2_1_0_0
7_1_12_0_1_0
7_11_4_0_0_0
