-----------------------------
Iterations : 1000
Cycles : 500
Time spent :61.3s
Number of changes : 38
-----------------------------
Best deck so far : 88.8% winrate
COST  1  2  2  3  3  3  3  4  4  4  4  5  5  5  5  6  6  6  6  6  6  6  6  6  6  7  7  7  7  7 | 148
ATK   0  2  3  5  4  3  3  7  7  6  5  9  8  7  2  5  4  0  6  4  2  3  8  3  9  4  1  4  2 11 | 137
DEF   1  1  2  2  2  4  3  2  1  1  3  1  3  1  5  4  3 10  2  3  7  1  1  4  2  7  8  6  9  4 | 103
GURD  0  0  0  0  0  0  0  0  0  0  0  0  0  0  1  0  1  0  0  0  1  1  0  0  0  1  0  0  1  0 |   6
FLY   1  1  0  0  0  0  0  0  0  1  0  0  0  1  0  0  1  1  0  1  0  0  0  1  1  0  1  0  0  0 |  10
CHRG  0  0  0  0  0  0  0  0  0  0  0  0  0  0  0  1  0  0  1  1  0  1  1  1  0  0  1  1  0  0 |   8
Card cost repartition
0 x 0 
1 x 1 #
2 x 2 ##
3 x 4 ####
4 x 4 ####
5 x 4 ####
6 x 10 ##########
7 x 5 #####
Average turn for win 5.8649885583524
Quickest win 5
| STEP      | WR         | NBT      | COSTS
|         0 |       0.42 |   8.2844 |  0 2 1 3 4 8 5 7
|        13 |       0.43 |   7.6776 |  0 2 1 4 4 8 4 7
|        15 |       0.44 |   7.8899 |  0 2 1 4 4 7 5 7
|        19 |       0.46 |   7.5459 |  0 2 2 4 4 7 5 6
|        21 |       0.50 |   7.6586 |  0 1 2 4 4 7 6 6
|        26 |       0.51 |   7.5336 |  0 1 2 3 4 7 7 6
|        28 |       0.51 |   7.4825 |  0 1 3 2 4 7 7 6
|        30 |       0.53 |   7.5113 |  0 1 3 2 4 7 6 7
|        36 |       0.54 |   7.0111 |  0 1 3 2 5 7 5 7
|        37 |       0.56 |   7.2473 |  0 1 3 2 5 8 5 6
|        39 |       0.56 |   7.1792 |  0 1 3 2 5 8 5 6
|        40 |       0.57 |   7.2014 |  0 1 3 2 5 8 6 5
|        41 |       0.58 |   7.0240 |  0 1 3 2 5 8 7 4
|        44 |       0.58 |   7.0993 |  0 1 3 2 5 8 8 3
|        45 |       0.63 |   7.0478 |  0 1 3 2 5 8 8 3
|        50 |       0.63 |   7.2134 |  0 1 3 2 5 9 7 3
|        52 |       0.64 |   7.3239 |  0 1 3 2 4 9 8 3
|        65 |       0.64 |   7.2938 |  0 1 3 2 4 9 8 3
|        94 |       0.64 |   6.7726 |  0 1 3 3 4 8 8 3
|        95 |       0.67 |   6.8589 |  0 1 3 3 4 7 9 3
|       101 |       0.70 |   6.6293 |  0 1 3 3 4 6 9 4
|       105 |       0.70 |   6.9003 |  0 1 3 3 4 5 9 5
|       106 |       0.72 |   6.7821 |  0 1 3 3 3 5 9 6
|       112 |       0.74 |   6.6981 |  0 1 3 3 3 5 9 6
|       229 |       0.75 |   6.5550 |  0 1 3 3 4 5 9 5
|       243 |       0.75 |   6.5764 |  0 1 3 3 4 5 9 5
|       251 |       0.76 |   6.5476 |  0 1 3 3 4 4 9 6
|       259 |       0.79 |   6.5494 |  0 1 3 3 4 4 9 6
|       270 |       0.79 |   6.3914 |  0 1 3 4 4 4 8 6
|       277 |       0.82 |   6.2157 |  0 1 3 4 4 4 8 6
|       279 |       0.83 |   6.1494 |  0 1 2 5 4 4 8 6
|       280 |       0.83 |   6.2627 |  0 1 2 5 4 4 8 6
|       290 |       0.83 |   6.1535 |  0 1 2 5 4 4 8 6
|       292 |       0.87 |   6.0670 |  0 1 2 4 4 4 9 6
|       314 |       0.87 |   6.1316 |  0 1 2 4 4 4 8 7
|       319 |       0.87 |   6.1201 |  0 1 2 4 4 4 9 6
|       350 |       0.88 |   6.0979 |  0 1 2 4 4 4 10 5
|       630 |       0.88 |   6.1519 |  0 1 2 4 4 4 10 5
|       692 |       0.89 |   6.0495 |  0 1 2 4 4 4 10 5

1_0_1_0_1_0
2_2_1_0_1_0
2_3_2_0_0_0
3_4_2_0_0_0
3_5_2_0_0_0
3_3_3_0_0_0
3_3_4_0_0_0
4_7_1_0_0_0
4_6_1_0_1_0
4_7_2_0_0_0
4_5_3_0_0_0
5_2_5_1_0_0
5_9_1_0_0_0
5_7_1_0_1_0
5_8_3_0_0_0
6_6_2_0_0_1
6_8_1_0_0_1
6_5_4_0_0_1
6_9_2_0_1_0
6_4_3_0_1_1
6_4_3_1_1_0
6_3_4_0_1_1
6_3_1_1_0_1
6_2_7_1_0_0
6_0_10_0_1_0
7_11_4_0_0_0
7_4_6_0_0_1
7_4_7_1_0_0
7_2_9_1_0_0
7_1_8_0_1_1
